SCMBranch=eHotel_2.0_ELC
SCMRepository=eHotel_2.0_ELC/App/eHotelPMS/src/elcom/domain
Guest.java;3545447677;1;1315912446;
ServiceCharge.java;3968094894;1;1313748078;
eWakeup.java;28476651;1;1316081130;
eWakeupForms.java;2388348695;1;1313747374;
eWeb.java;806794935;1;1315998534;
OutletMovie.java;1309288040;1;1315998638;
OrderRes.java;2580755569;1;1316586188;
eReservation.java;4221433294;2;1321424580;
ServiceItem.java;1264799706;2;1321427306;
FolioMessage.java;1576204332;2;1321930452;
eMessage.java;1437724247;1;1321951098;
eCountry.java;3879700687;2;1322040782;
eCurrency.java;3044297305;2;1322114382;
ServiceCommon.java;1669194335;4;1322042550;
eWeather.java;3771525797;2;1322617968;
CMNShopbill.java;2373405126;6;1325240644;
OutletImage.java;4170054174;3;1324956874;
Promotion.java;387039482;3;1325040070;
