SCMBranch=eHotel_2.0_ELC
SCMRepository=eHotel_2.0_ELC/App/DBIGateway/src/ehotel/dao
eRODao.java;119457104;1;1318494656;
eROSql.java;979353323;1;1318494730;
eMenuSql.java;2477041804;2;1320053326;
eLiveTVSql.java;4042546518;1;1324641602;
eMonitorDao.java;3868368518;1;1322810810;
eBaseDao.java;3945990323;5;1331718262;
eLiveTVDao.java;1793099249;4;1329471018;
eMenuDAO.java;3026962338;4;1331606710;
eMODDao.java;3971711947;12;1331701182;
eVODDao.java;1012342541;11;1331867130;
AnalysiTVideoDao.java;2631688605;1;1331611278;
eUserDao.java;1730868581;1;1332243826;
eVideoSTBDao.java;4140736456;1;1332753336;
eMODSql.java;3018738096;5;1332824082;
eVODSql.java;1022183642;7;1332824108;
