SCMBranch=eHotel_2.0_ELC
SCMRepository=eHotel_2.0_ELC/App/DBIGateway/src/ehotel/domain/pms
eMenu.java;211306906;1;1323240192;
eImage.java;854838553;1;1323243854;
eItem.java;1108712195;1;1323162996;
ePromotion.java;3920660369;1;1323931508;
eAttraction.java;1286675186;1;1323786112;
eActivity.java;899231734;1;1323314738;
eLocation.java;3964864343;1;1323786402;
eExchangeRate.java;503653925;1;1323941022;
eUrlAirline.java;185086327;1;1324097386;
eFolio.java;3956281644;1;1324136132;
eGuest.java;2951669490;1;1324135164;
eSTB.java;1852065133;1;1324134938;
