SCMBranch=eHotel_2.0_ELC
SCMRepository=eHotel_2.0_ELC/App/DBIGateway/src/ehotel/inter
AMDSvcMod.java;4149819404;1;1319009196;
AMDCntMod.java;3171817306;1;1319010022;
EVSVod.java;1197078050;3;1320122930;
AMDRo.java;2744876639;1;1319009480;
IEAS.java;1977561253;1;1320986574;
IEVS.java;1858464142;1;1320739156;
IMonitor.java;3554957947;1;1320739042;
AMDLiveTV.java;3099417428;5;1329719796;
AMDMenu.java;580114145;2;1331284038;
AMDMod.java;3058565503;7;1331701188;
AMDVod.java;2368560245;5;1331867156;
ITVideoAnalysis.java;3141167628;2;1331612088;
IUser.java;2100282091;2;1328087990;
BaseAMD.java;1625661340;1;1329719784;
ILOGIN.java;807160036;1;1328155078;
IVideoSTB.java;1195529012;1;1332811172;
